304
317
321
322
327
333
336
349
356
362
364
370
377
382
386
398
399
406
415
416
417
425
430
431
435
440
446
470
471
472
474
478
479
483
492
493
502
529
546
552
557
575
576
578
580
593
632
643
659
665
668
672
677
688
703
705
712
738
740
747
755
772
775
782
804
820
839
847
848
871
876
880
898
900
902
908
915
927
931
935
938
942
955
958
962
965
970
973
984
991
992
1008
1017
1019
1030
1047
1054
1056
1065
1069
1091
1094
1105
1109
1124
1127
1131
1137
1140
1141
1143
1157
1158
1163
1166
1187
1190
1194
1205
1232
1242
1264
1268
1279
1283
1300
1310
1327
1331
1333
1343
1347
1354
1356
1363
1370
1377
1382
1384
1390
1399
1400
1404
1406
1421
1452
1472
1490
1497
1501
1502
1517
1522
1524
1529
1530
1540
1541
1543
1556
1560
1571
1589
1594
1615
1630
1643
1694
1698
1715
1722
1723
1731
1740
1741
1764
1770
1774
1775
1820
1850
1858
1860
1864
1895
1899
1903
1907
1959
1972
1976
2014
2029
2064
2068
2073
2074
2088
2114
2124
2139
2142
2172
2188
2189
2190
2202
2204
2227
2230
2253
2259
2300
2318
2330
2336
2342
2348
2356
2361
2373
2374
2393
2412
2413
2423
2432
2443
2449
2495
2498
2499
2500
2511
2513
2516
2524
2553
2554
2572
2576
2595
2606
2635
2636
2652
2653
2655
2664
2679
2710
2723
2736
2741
2746
2763
2779
2785
2809
2822
2827
2848
2866
2872
2873
2889
2903
2909
2925
2949
2952
2957
2979
3024
3025
3055
3075
3122
3193
3247
3260
3273
3294
3301
3307
3354
3358
3371
3421
3452
3500
3527
3529
3550
3631
3633
3636
3658
3668
3677
3680
3687
3839
3863
3870
3878
3896
3932
3937
3945
3955
3986
3989
4010
4017
4035
4039
4048
4069
4097
4228
4235
4245
4259
4318
4322
4336
4435
4467
4478
4492
4503
4519
4534
4555
4610
4616
4651
4681
4718
4733
4764
4768
4774
4823
4827
4846
4913
4980
4996
5041
5069
5097
5118
5183
5193
5242
5247
5271
5351
5382
5409
5413
5428
5456
5476
5500
5502
5510
5540
5584
5603
5614
5710
5716
5762
5868
5901

More than 50 
===========
54
72
73
84
124
172
181
196
250
280
2142
5476

